AMR;start;goal;departureTime
1;11;4;1
2;4;11;3
3;2;5;1
4;1;9;2
5;14;12;6
DOCK;loc
1;(1,4)
2;(1,9)
3;(1,14)
4;(1,19)
5;(1,24)
6;(1,29)
7;(1,34)
8;(11,34)
9;(11,29)
10;(11,24)
11;(11,19)
12;(11,14)
13;(11,9)
14;(11,4)
TRUCKS;dock;arrivalTime;departureTime
1;4;1;15
2;11;3;34
3;5;1;20
4;9;2;43
5;12;6;24
@@@.@@@@.@@@@.@@@@.@@@@.@@@@.@@@@.@@@
@SS...............................SS@
@SS.@@@@.@@@@.@@@@.@@@@.@@@@.@@@@.SS@
@SS.@@@@.@@@@.@@@@.@@@@.@@@@.@@@@.SS@
@SS.@@@@.@@@@.@@@@.@@@@.@@@@.@@@@.SS@
@SS...............................SS@
@SS.@@@@.@@@@.@@@@.@@@@.@@@@.@@@@.SS@
@SS.@@@@.@@@@.@@@@.@@@@.@@@@.@@@@.SS@
@SS.@@@@.@@@@.@@@@.@@@@.@@@@.@@@@.SS@
@SS...............................SS@
@@@.@@@@.@@@@.@@@@.@@@@.@@@@.@@@@.@@@